1 -1.9500000000000002 1.9500000000000002 0.0 0.0 0.0
1 -1.9500000000000002 1.85 0.0 0.0 0.0
1 -1.9500000000000002 1.75 0.0 0.0 0.0
1 -1.9500000000000002 1.6500000000000001 0.0 0.0 0.0
1 -1.9500000000000002 1.55 0.0 0.0 0.0
1 -1.9500000000000002 1.4500000000000002 0.0 0.0 0.0
1 -1.9500000000000002 1.35 0.0 0.0 0.0
1 -1.9500000000000002 1.25 0.0 0.0 0.0
1 -1.9500000000000002 1.1500000000000001 0.0 0.0 0.0
1 -1.9500000000000002 1.05 0.0 0.0 0.0
1 -1.9500000000000002 0.9500000000000001 0.0 0.0 0.0
1 -1.9500000000000002 0.8500000000000001 0.0 0.0 0.0
1 -1.9500000000000002 0.75 0.0 0.0 0.0
1 -1.9500000000000002 0.65 0.0 0.0 0.0
1 -1.9500000000000002 0.55 0.0 0.0 0.0
1 -1.9500000000000002 0.45 0.0 0.0 0.0
1 -1.9500000000000002 0.35000000000000003 0.0 0.0 0.0
1 -1.9500000000000002 0.25 0.0 0.0 0.0
1 -1.9500000000000002 0.15000000000000002 0.0 0.0 0.0
1 -1.9500000000000002 0.05 0.0 0.0 0.0
1 -1.9500000000000002 -0.05 0.0 0.0 0.0
1 -1.9500000000000002 -0.15000000000000002 0.0 0.0 0.0
1 -1.9500000000000002 -0.25 0.0 0.0 0.0
1 -1.9500000000000002 -0.35000000000000003 0.0 0.0 0.0
1 -1.9500000000000002 -0.45 0.0 0.0 0.0
1 -1.9500000000000002 -0.55 0.0 0.0 0.0
1 -1.9500000000000002 -0.65 0.0 0.0 0.0
1 -1.9500000000000002 -0.75 0.0 0.0 0.0
1 -1.9500000000000002 -0.8500000000000001 0.0 0.0 0.0
1 -1.9500000000000002 -0.9500000000000001 0.0 0.0 0.0
1 -1.9500000000000002 -1.05 0.0 0.0 0.0
1 -1.9500000000000002 -1.1500000000000001 0.0 0.0 0.0
1 -1.9500000000000002 -1.25 0.0 0.0 0.0
1 -1.9500000000000002 -1.35 0.0 0.0 0.0
1 -1.9500000000000002 -1.4500000000000002 0.0 0.0 0.0
1 -1.9500000000000002 -1.55 0.0 0.0 0.0
1 -1.9500000000000002 -1.6500000000000001 0.0 0.0 0.0
1 -1.9500000000000002 -1.75 0.0 0.0 0.0
1 -1.85 1.9500000000000002 0.0 0.0 0.0
1 -1.85 1.85 0.0 0.0 0.0
1 -1.85 1.75 0.0 0.0 0.0
1 -1.85 1.6500000000000001 0.0 0.0 0.0
1 -1.85 1.55 0.0 0.0 0.0
1 -1.85 1.4500000000000002 0.0 0.0 0.0
1 -1.85 1.35 0.0 0.0 0.0
1 -1.85 1.25 0.0 0.0 0.0
1 -1.85 1.1500000000000001 0.0 0.0 0.0
1 -1.85 1.05 0.0 0.0 0.0
1 -1.85 0.9500000000000001 0.0 0.0 0.0
1 -1.85 0.8500000000000001 0.0 0.0 0.0
1 -1.85 0.75 0.0 0.0 0.0
1 -1.85 0.65 0.0 0.0 0.0
1 -1.85 0.55 0.0 0.0 0.0
1 -1.85 0.45 0.0 0.0 0.0
1 -1.85 0.35000000000000003 0.0 0.0 0.0
1 -1.85 0.25 0.0 0.0 0.0
1 -1.85 0.15000000000000002 0.0 0.0 0.0
1 -1.85 0.05 0.0 0.0 0.0
1 -1.85 -0.05 0.0 0.0 0.0
1 -1.85 -0.15000000000000002 0.0 0.0 0.0
1 -1.85 -0.25 0.0 0.0 0.0
1 -1.85 -0.35000000000000003 0.0 0.0 0.0
1 -1.85 -0.45 0.0 0.0 0.0
1 -1.85 -0.55 0.0 0.0 0.0
1 -1.85 -0.65 0.0 0.0 0.0
1 -1.85 -0.75 0.0 0.0 0.0
1 -1.85 -0.8500000000000001 0.0 0.0 0.0
1 -1.85 -0.9500000000000001 0.0 0.0 0.0
1 -1.85 -1.05 0.0 0.0 0.0
1 -1.85 -1.1500000000000001 0.0 0.0 0.0
1 -1.85 -1.25 0.0 0.0 0.0
1 -1.85 -1.35 0.0 0.0 0.0
1 -1.85 -1.4500000000000002 0.0 0.0 0.0
1 -1.85 -1.55 0.0 0.0 0.0
1 -1.85 -1.6500000000000001 0.0 0.0 0.0
1 -1.85 -1.75 0.0 0.0 0.0
1 -1.75 1.9500000000000002 0.0 0.0 0.0
1 -1.75 1.85 0.0 0.0 0.0
1 -1.75 1.75 0.0 0.0 0.0
1 -1.75 1.6500000000000001 0.0 0.0 0.0
1 -1.75 1.55 0.0 0.0 0.0
1 -1.75 1.4500000000000002 0.0 0.0 0.0
1 -1.75 1.35 0.0 0.0 0.0
1 -1.75 1.25 0.0 0.0 0.0
1 -1.75 1.1500000000000001 0.0 0.0 0.0
1 -1.75 1.05 0.0 0.0 0.0
1 -1.75 0.9500000000000001 0.0 0.0 0.0
1 -1.75 0.8500000000000001 0.0 0.0 0.0
1 -1.75 0.75 0.0 0.0 0.0
1 -1.75 0.65 0.0 0.0 0.0
1 -1.75 0.55 0.0 0.0 0.0
1 -1.75 0.45 0.0 0.0 0.0
1 -1.75 0.35000000000000003 0.0 0.0 0.0
1 -1.75 0.25 0.0 0.0 0.0
1 -1.75 0.15000000000000002 0.0 0.0 0.0
1 -1.75 0.05 0.0 0.0 0.0
1 -1.75 -0.05 0.0 0.0 0.0
1 -1.75 -0.15000000000000002 0.0 0.0 0.0
1 -1.75 -0.25 0.0 0.0 0.0
1 -1.75 -0.35000000000000003 0.0 0.0 0.0
1 -1.75 -0.45 0.0 0.0 0.0
1 -1.75 -0.55 0.0 0.0 0.0
1 -1.75 -0.65 0.0 0.0 0.0
1 -1.75 -0.75 0.0 0.0 0.0
1 -1.75 -0.8500000000000001 0.0 0.0 0.0
1 -1.75 -0.9500000000000001 0.0 0.0 0.0
1 -1.75 -1.05 0.0 0.0 0.0
1 -1.75 -1.1500000000000001 0.0 0.0 0.0
1 -1.75 -1.25 0.0 0.0 0.0
1 -1.75 -1.35 0.0 0.0 0.0
1 -1.75 -1.4500000000000002 0.0 0.0 0.0
1 -1.75 -1.55 0.0 0.0 0.0
1 -1.75 -1.6500000000000001 0.0 0.0 0.0
1 -1.75 -1.75 0.0 0.0 0.0
1 -1.6500000000000001 1.9500000000000002 0.0 0.0 0.0
1 -1.6500000000000001 1.85 0.0 0.0 0.0
1 -1.6500000000000001 1.75 0.0 0.0 0.0
0 -1.6500000000000001 1.6500000000000001 0.0 0.0 1.0
0 -1.6500000000000001 1.55 0.0 0.0 1.0
0 -1.6500000000000001 1.4500000000000002 0.0 0.0 1.0
0 -1.6500000000000001 1.35 0.0 0.0 1.0
0 -1.6500000000000001 1.25 0.0 0.0 1.0
0 -1.6500000000000001 1.1500000000000001 0.0 0.0 1.0
0 -1.6500000000000001 1.05 0.0 0.0 1.0
0 -1.6500000000000001 0.9500000000000001 0.0 0.0 1.0
0 -1.6500000000000001 0.8500000000000001 0.0 0.0 1.0
0 -1.6500000000000001 0.75 0.0 0.0 1.0
0 -1.6500000000000001 0.65 0.0 0.0 1.0
0 -1.6500000000000001 0.55 0.0 0.0 1.0
0 -1.6500000000000001 0.45 0.0 0.0 1.0
0 -1.6500000000000001 0.35000000000000003 0.0 0.0 1.0
0 -1.6500000000000001 0.25 0.0 0.0 1.0
0 -1.6500000000000001 0.15000000000000002 0.0 0.0 1.0
0 -1.6500000000000001 0.05 0.0 0.0 1.0
0 -1.6500000000000001 -0.05 0.0 0.0 1.0
0 -1.6500000000000001 -0.15000000000000002 0.0 0.0 1.0
0 -1.6500000000000001 -0.25 0.0 0.0 1.0
0 -1.6500000000000001 -0.35000000000000003 0.0 0.0 1.0
0 -1.6500000000000001 -0.45 0.0 0.0 1.0
0 -1.6500000000000001 -0.55 0.0 0.0 1.0
0 -1.6500000000000001 -0.65 0.0 0.0 1.0
0 -1.6500000000000001 -0.75 0.0 0.0 1.0
0 -1.6500000000000001 -0.8500000000000001 0.0 0.0 1.0
0 -1.6500000000000001 -0.9500000000000001 0.0 0.0 1.0
0 -1.6500000000000001 -1.05 0.0 0.0 1.0
0 -1.6500000000000001 -1.1500000000000001 0.0 0.0 1.0
0 -1.6500000000000001 -1.25 0.0 0.0 1.0
0 -1.6500000000000001 -1.35 0.0 0.0 1.0
0 -1.6500000000000001 -1.4500000000000002 0.0 0.0 1.0
1 -1.6500000000000001 -1.55 0.0 0.0 0.0
1 -1.6500000000000001 -1.6500000000000001 0.0 0.0 0.0
1 -1.6500000000000001 -1.75 0.0 0.0 0.0
1 -1.55 1.9500000000000002 0.0 0.0 0.0
1 -1.55 1.85 0.0 0.0 0.0
1 -1.55 1.75 0.0 0.0 0.0
0 -1.55 1.6500000000000001 0.0 0.0 1.0
0 -1.55 1.55 0.0 0.0 1.0
0 -1.55 1.4500000000000002 0.0 0.0 1.0
0 -1.55 1.35 0.0 0.0 1.0
0 -1.55 1.25 0.0 0.0 1.0
0 -1.55 1.1500000000000001 0.0 0.0 1.0
0 -1.55 1.05 0.0 0.0 1.0
0 -1.55 0.9500000000000001 0.0 0.0 1.0
0 -1.55 0.8500000000000001 0.0 0.0 1.0
0 -1.55 0.75 0.0 0.0 1.0
0 -1.55 0.65 0.0 0.0 1.0
0 -1.55 0.55 0.0 0.0 1.0
0 -1.55 0.45 0.0 0.0 1.0
0 -1.55 0.35000000000000003 0.0 0.0 1.0
0 -1.55 0.25 0.0 0.0 1.0
0 -1.55 0.15000000000000002 0.0 0.0 1.0
0 -1.55 0.05 0.0 0.0 1.0
0 -1.55 -0.05 0.0 0.0 1.0
0 -1.55 -0.15000000000000002 0.0 0.0 1.0
0 -1.55 -0.25 0.0 0.0 1.0
0 -1.55 -0.35000000000000003 0.0 0.0 1.0
0 -1.55 -0.45 0.0 0.0 1.0
0 -1.55 -0.55 0.0 0.0 1.0
0 -1.55 -0.65 0.0 0.0 1.0
0 -1.55 -0.75 0.0 0.0 1.0
0 -1.55 -0.8500000000000001 0.0 0.0 1.0
0 -1.55 -0.9500000000000001 0.0 0.0 1.0
0 -1.55 -1.05 0.0 0.0 1.0
0 -1.55 -1.1500000000000001 0.0 0.0 1.0
0 -1.55 -1.25 0.0 0.0 1.0
0 -1.55 -1.35 0.0 0.0 1.0
0 -1.55 -1.4500000000000002 0.0 0.0 1.0
1 -1.55 -1.55 0.0 0.0 0.0
1 -1.55 -1.6500000000000001 0.0 0.0 0.0
1 -1.55 -1.75 0.0 0.0 0.0
1 -1.4500000000000002 1.9500000000000002 0.0 0.0 0.0
1 -1.4500000000000002 1.85 0.0 0.0 0.0
1 -1.4500000000000002 1.75 0.0 0.0 0.0
0 -1.4500000000000002 1.6500000000000001 0.0 0.0 1.0
0 -1.4500000000000002 1.55 0.0 0.0 1.0
0 -1.4500000000000002 1.4500000000000002 0.0 0.0 1.0
0 -1.4500000000000002 1.35 0.0 0.0 1.0
0 -1.4500000000000002 1.25 0.0 0.0 1.0
0 -1.4500000000000002 1.1500000000000001 0.0 0.0 1.0
0 -1.4500000000000002 1.05 0.0 0.0 1.0
0 -1.4500000000000002 0.9500000000000001 0.0 0.0 1.0
0 -1.4500000000000002 0.8500000000000001 0.0 0.0 1.0
0 -1.4500000000000002 0.75 0.0 0.0 1.0
0 -1.4500000000000002 0.65 0.0 0.0 1.0
0 -1.4500000000000002 0.55 0.0 0.0 1.0
0 -1.4500000000000002 0.45 0.0 0.0 1.0
0 -1.4500000000000002 0.35000000000000003 0.0 0.0 1.0
0 -1.4500000000000002 0.25 0.0 0.0 1.0
0 -1.4500000000000002 0.15000000000000002 0.0 0.0 1.0
0 -1.4500000000000002 0.05 0.0 0.0 1.0
0 -1.4500000000000002 -0.05 0.0 0.0 1.0
0 -1.4500000000000002 -0.15000000000000002 0.0 0.0 1.0
0 -1.4500000000000002 -0.25 0.0 0.0 1.0
0 -1.4500000000000002 -0.35000000000000003 0.0 0.0 1.0
0 -1.4500000000000002 -0.45 0.0 0.0 1.0
0 -1.4500000000000002 -0.55 0.0 0.0 1.0
0 -1.4500000000000002 -0.65 0.0 0.0 1.0
0 -1.4500000000000002 -0.75 0.0 0.0 1.0
0 -1.4500000000000002 -0.8500000000000001 0.0 0.0 1.0
0 -1.4500000000000002 -0.9500000000000001 0.0 0.0 1.0
0 -1.4500000000000002 -1.05 0.0 0.0 1.0
0 -1.4500000000000002 -1.1500000000000001 0.0 0.0 1.0
0 -1.4500000000000002 -1.25 0.0 0.0 1.0
0 -1.4500000000000002 -1.35 0.0 0.0 1.0
0 -1.4500000000000002 -1.4500000000000002 0.0 0.0 1.0
1 -1.4500000000000002 -1.55 0.0 0.0 0.0
1 -1.4500000000000002 -1.6500000000000001 0.0 0.0 0.0
1 -1.4500000000000002 -1.75 0.0 0.0 0.0
1 -1.35 1.9500000000000002 0.0 0.0 0.0
1 -1.35 1.85 0.0 0.0 0.0
1 -1.35 1.75 0.0 0.0 0.0
0 -1.35 1.6500000000000001 0.0 0.0 1.0
0 -1.35 1.55 0.0 0.0 1.0
0 -1.35 1.4500000000000002 0.0 0.0 1.0
0 -1.35 1.35 0.0 0.0 1.0
0 -1.35 1.25 0.0 0.0 1.0
0 -1.35 1.1500000000000001 0.0 0.0 1.0
0 -1.35 1.05 0.0 0.0 1.0
0 -1.35 0.9500000000000001 0.0 0.0 1.0
0 -1.35 0.8500000000000001 0.0 0.0 1.0
0 -1.35 0.75 0.0 0.0 1.0
0 -1.35 0.65 0.0 0.0 1.0
0 -1.35 0.55 0.0 0.0 1.0
0 -1.35 0.45 0.0 0.0 1.0
0 -1.35 0.35000000000000003 0.0 0.0 1.0
0 -1.35 0.25 0.0 0.0 1.0
0 -1.35 0.15000000000000002 0.0 0.0 1.0
0 -1.35 0.05 0.0 0.0 1.0
0 -1.35 -0.05 0.0 0.0 1.0
0 -1.35 -0.15000000000000002 0.0 0.0 1.0
0 -1.35 -0.25 0.0 0.0 1.0
0 -1.35 -0.35000000000000003 0.0 0.0 1.0
0 -1.35 -0.45 0.0 0.0 1.0
0 -1.35 -0.55 0.0 0.0 1.0
0 -1.35 -0.65 0.0 0.0 1.0
0 -1.35 -0.75 0.0 0.0 1.0
0 -1.35 -0.8500000000000001 0.0 0.0 1.0
0 -1.35 -0.9500000000000001 0.0 0.0 1.0
0 -1.35 -1.05 0.0 0.0 1.0
0 -1.35 -1.1500000000000001 0.0 0.0 1.0
0 -1.35 -1.25 0.0 0.0 1.0
0 -1.35 -1.35 0.0 0.0 1.0
0 -1.35 -1.4500000000000002 0.0 0.0 1.0
1 -1.35 -1.55 0.0 0.0 0.0
1 -1.35 -1.6500000000000001 0.0 0.0 0.0
1 -1.35 -1.75 0.0 0.0 0.0
1 -1.25 1.9500000000000002 0.0 0.0 0.0
1 -1.25 1.85 0.0 0.0 0.0
1 -1.25 1.75 0.0 0.0 0.0
0 -1.25 1.6500000000000001 0.0 0.0 1.0
0 -1.25 1.55 0.0 0.0 1.0
0 -1.25 1.4500000000000002 0.0 0.0 1.0
0 -1.25 1.35 0.0 0.0 1.0
0 -1.25 1.25 0.0 0.0 1.0
0 -1.25 1.1500000000000001 0.0 0.0 1.0
0 -1.25 1.05 0.0 0.0 1.0
0 -1.25 0.9500000000000001 0.0 0.0 1.0
0 -1.25 0.8500000000000001 0.0 0.0 1.0
0 -1.25 0.75 0.0 0.0 1.0
0 -1.25 0.65 0.0 0.0 1.0
0 -1.25 0.55 0.0 0.0 1.0
0 -1.25 0.45 0.0 0.0 1.0
0 -1.25 0.35000000000000003 0.0 0.0 1.0
0 -1.25 0.25 0.0 0.0 1.0
0 -1.25 0.15000000000000002 0.0 0.0 1.0
0 -1.25 0.05 0.0 0.0 1.0
0 -1.25 -0.05 0.0 0.0 1.0
0 -1.25 -0.15000000000000002 0.0 0.0 1.0
0 -1.25 -0.25 0.0 0.0 1.0
0 -1.25 -0.35000000000000003 0.0 0.0 1.0
0 -1.25 -0.45 0.0 0.0 1.0
0 -1.25 -0.55 0.0 0.0 1.0
0 -1.25 -0.65 0.0 0.0 1.0
0 -1.25 -0.75 0.0 0.0 1.0
0 -1.25 -0.8500000000000001 0.0 0.0 1.0
0 -1.25 -0.9500000000000001 0.0 0.0 1.0
0 -1.25 -1.05 0.0 0.0 1.0
0 -1.25 -1.1500000000000001 0.0 0.0 1.0
0 -1.25 -1.25 0.0 0.0 1.0
0 -1.25 -1.35 0.0 0.0 1.0
0 -1.25 -1.4500000000000002 0.0 0.0 1.0
1 -1.25 -1.55 0.0 0.0 0.0
1 -1.25 -1.6500000000000001 0.0 0.0 0.0
1 -1.25 -1.75 0.0 0.0 0.0
1 -1.1500000000000001 1.9500000000000002 0.0 0.0 0.0
1 -1.1500000000000001 1.85 0.0 0.0 0.0
1 -1.1500000000000001 1.75 0.0 0.0 0.0
0 -1.1500000000000001 1.6500000000000001 0.0 0.0 1.0
0 -1.1500000000000001 1.55 0.0 0.0 1.0
0 -1.1500000000000001 1.4500000000000002 0.0 0.0 1.0
0 -1.1500000000000001 1.35 0.0 0.0 1.0
0 -1.1500000000000001 1.25 0.0 0.0 1.0
0 -1.1500000000000001 1.1500000000000001 0.0 0.0 1.0
0 -1.1500000000000001 1.05 0.0 0.0 1.0
0 -1.1500000000000001 0.9500000000000001 0.0 0.0 1.0
0 -1.1500000000000001 0.8500000000000001 0.0 0.0 1.0
0 -1.1500000000000001 0.75 0.0 0.0 1.0
0 -1.1500000000000001 0.65 0.0 0.0 1.0
0 -1.1500000000000001 0.55 0.0 0.0 1.0
0 -1.1500000000000001 0.45 0.0 0.0 1.0
0 -1.1500000000000001 0.35000000000000003 0.0 0.0 1.0
0 -1.1500000000000001 0.25 0.0 0.0 1.0
0 -1.1500000000000001 0.15000000000000002 0.0 0.0 1.0
0 -1.1500000000000001 0.05 0.0 0.0 1.0
0 -1.1500000000000001 -0.05 0.0 0.0 1.0
0 -1.1500000000000001 -0.15000000000000002 0.0 0.0 1.0
0 -1.1500000000000001 -0.25 0.0 0.0 1.0
0 -1.1500000000000001 -0.35000000000000003 0.0 0.0 1.0
0 -1.1500000000000001 -0.45 0.0 0.0 1.0
0 -1.1500000000000001 -0.55 0.0 0.0 1.0
0 -1.1500000000000001 -0.65 0.0 0.0 1.0
0 -1.1500000000000001 -0.75 0.0 0.0 1.0
0 -1.1500000000000001 -0.8500000000000001 0.0 0.0 1.0
0 -1.1500000000000001 -0.9500000000000001 0.0 0.0 1.0
0 -1.1500000000000001 -1.05 0.0 0.0 1.0
0 -1.1500000000000001 -1.1500000000000001 0.0 0.0 1.0
0 -1.1500000000000001 -1.25 0.0 0.0 1.0
0 -1.1500000000000001 -1.35 0.0 0.0 1.0
0 -1.1500000000000001 -1.4500000000000002 0.0 0.0 1.0
1 -1.1500000000000001 -1.55 0.0 0.0 0.0
1 -1.1500000000000001 -1.6500000000000001 0.0 0.0 0.0
1 -1.1500000000000001 -1.75 0.0 0.0 0.0
1 -1.05 1.9500000000000002 0.0 0.0 0.0
1 -1.05 1.85 0.0 0.0 0.0
1 -1.05 1.75 0.0 0.0 0.0
0 -1.05 1.6500000000000001 0.0 0.0 1.0
0 -1.05 1.55 0.0 0.0 1.0
0 -1.05 1.4500000000000002 0.0 0.0 1.0
0 -1.05 1.35 0.0 0.0 1.0
0 -1.05 1.25 0.0 0.0 1.0
0 -1.05 1.1500000000000001 0.0 0.0 1.0
0 -1.05 1.05 0.0 0.0 1.0
0 -1.05 0.9500000000000001 0.0 0.0 1.0
0 -1.05 0.8500000000000001 0.0 0.0 1.0
0 -1.05 0.75 0.0 0.0 1.0
0 -1.05 0.65 0.0 0.0 1.0
0 -1.05 0.55 0.0 0.0 1.0
0 -1.05 0.45 0.0 0.0 1.0
0 -1.05 0.35000000000000003 0.0 0.0 1.0
0 -1.05 0.25 0.0 0.0 1.0
0 -1.05 0.15000000000000002 0.0 0.0 1.0
0 -1.05 0.05 0.0 0.0 1.0
0 -1.05 -0.05 0.0 0.0 1.0
0 -1.05 -0.15000000000000002 0.0 0.0 1.0
0 -1.05 -0.25 0.0 0.0 1.0
0 -1.05 -0.35000000000000003 0.0 0.0 1.0
0 -1.05 -0.45 0.0 0.0 1.0
0 -1.05 -0.55 0.0 0.0 1.0
0 -1.05 -0.65 0.0 0.0 1.0
0 -1.05 -0.75 0.0 0.0 1.0
0 -1.05 -0.8500000000000001 0.0 0.0 1.0
0 -1.05 -0.9500000000000001 0.0 0.0 1.0
0 -1.05 -1.05 0.0 0.0 1.0
0 -1.05 -1.1500000000000001 0.0 0.0 1.0
0 -1.05 -1.25 0.0 0.0 1.0
0 -1.05 -1.35 0.0 0.0 1.0
0 -1.05 -1.4500000000000002 0.0 0.0 1.0
1 -1.05 -1.55 0.0 0.0 0.0
1 -1.05 -1.6500000000000001 0.0 0.0 0.0
1 -1.05 -1.75 0.0 0.0 0.0
1 -0.9500000000000001 1.9500000000000002 0.0 0.0 0.0
1 -0.9500000000000001 1.85 0.0 0.0 0.0
1 -0.9500000000000001 1.75 0.0 0.0 0.0
0 -0.9500000000000001 1.6500000000000001 0.0 0.0 1.0
0 -0.9500000000000001 1.55 0.0 0.0 1.0
0 -0.9500000000000001 1.4500000000000002 0.0 0.0 1.0
0 -0.9500000000000001 1.35 0.0 0.0 1.0
0 -0.9500000000000001 1.25 0.0 0.0 1.0
0 -0.9500000000000001 1.1500000000000001 0.0 0.0 1.0
0 -0.9500000000000001 1.05 0.0 0.0 1.0
0 -0.9500000000000001 0.9500000000000001 0.0 0.0 1.0
0 -0.9500000000000001 0.8500000000000001 0.0 0.0 1.0
0 -0.9500000000000001 0.75 0.0 0.0 1.0
0 -0.9500000000000001 0.65 0.0 0.0 1.0
0 -0.9500000000000001 0.55 0.0 0.0 1.0
0 -0.9500000000000001 0.45 0.0 0.0 1.0
0 -0.9500000000000001 0.35000000000000003 0.0 0.0 1.0
0 -0.9500000000000001 0.25 0.0 0.0 1.0
0 -0.9500000000000001 0.15000000000000002 0.0 0.0 1.0
0 -0.9500000000000001 0.05 0.0 0.0 1.0
0 -0.9500000000000001 -0.05 0.0 0.0 1.0
0 -0.9500000000000001 -0.15000000000000002 0.0 0.0 1.0
0 -0.9500000000000001 -0.25 0.0 0.0 1.0
0 -0.9500000000000001 -0.35000000000000003 0.0 0.0 1.0
0 -0.9500000000000001 -0.45 0.0 0.0 1.0
0 -0.9500000000000001 -0.55 0.0 0.0 1.0
0 -0.9500000000000001 -0.65 0.0 0.0 1.0
0 -0.9500000000000001 -0.75 0.0 0.0 1.0
0 -0.9500000000000001 -0.8500000000000001 0.0 0.0 1.0
0 -0.9500000000000001 -0.9500000000000001 0.0 0.0 1.0
0 -0.9500000000000001 -1.05 0.0 0.0 1.0
0 -0.9500000000000001 -1.1500000000000001 0.0 0.0 1.0
0 -0.9500000000000001 -1.25 0.0 0.0 1.0
0 -0.9500000000000001 -1.35 0.0 0.0 1.0
0 -0.9500000000000001 -1.4500000000000002 0.0 0.0 1.0
1 -0.9500000000000001 -1.55 0.0 0.0 0.0
1 -0.9500000000000001 -1.6500000000000001 0.0 0.0 0.0
1 -0.9500000000000001 -1.75 0.0 0.0 0.0
1 -0.8500000000000001 1.9500000000000002 0.0 0.0 0.0
1 -0.8500000000000001 1.85 0.0 0.0 0.0
1 -0.8500000000000001 1.75 0.0 0.0 0.0
0 -0.8500000000000001 1.6500000000000001 0.0 0.0 1.0
0 -0.8500000000000001 1.55 0.0 0.0 1.0
0 -0.8500000000000001 1.4500000000000002 0.0 0.0 1.0
0 -0.8500000000000001 1.35 0.0 0.0 1.0
0 -0.8500000000000001 1.25 0.0 0.0 1.0
0 -0.8500000000000001 1.1500000000000001 0.0 0.0 1.0
0 -0.8500000000000001 1.05 0.0 0.0 1.0
0 -0.8500000000000001 0.9500000000000001 0.0 0.0 1.0
0 -0.8500000000000001 0.8500000000000001 0.0 0.0 1.0
0 -0.8500000000000001 0.75 0.0 0.0 1.0
0 -0.8500000000000001 0.65 0.0 0.0 1.0
0 -0.8500000000000001 0.55 0.0 0.0 1.0
0 -0.8500000000000001 0.45 0.0 0.0 1.0
0 -0.8500000000000001 0.35000000000000003 0.0 0.0 1.0
0 -0.8500000000000001 0.25 0.0 0.0 1.0
0 -0.8500000000000001 0.15000000000000002 0.0 0.0 1.0
0 -0.8500000000000001 0.05 0.0 0.0 1.0
0 -0.8500000000000001 -0.05 0.0 0.0 1.0
0 -0.8500000000000001 -0.15000000000000002 0.0 0.0 1.0
0 -0.8500000000000001 -0.25 0.0 0.0 1.0
0 -0.8500000000000001 -0.35000000000000003 0.0 0.0 1.0
0 -0.8500000000000001 -0.45 0.0 0.0 1.0
0 -0.8500000000000001 -0.55 0.0 0.0 1.0
0 -0.8500000000000001 -0.65 0.0 0.0 1.0
0 -0.8500000000000001 -0.75 0.0 0.0 1.0
0 -0.8500000000000001 -0.8500000000000001 0.0 0.0 1.0
0 -0.8500000000000001 -0.9500000000000001 0.0 0.0 1.0
0 -0.8500000000000001 -1.05 0.0 0.0 1.0
0 -0.8500000000000001 -1.1500000000000001 0.0 0.0 1.0
0 -0.8500000000000001 -1.25 0.0 0.0 1.0
0 -0.8500000000000001 -1.35 0.0 0.0 1.0
0 -0.8500000000000001 -1.4500000000000002 0.0 0.0 1.0
1 -0.8500000000000001 -1.55 0.0 0.0 0.0
1 -0.8500000000000001 -1.6500000000000001 0.0 0.0 0.0
1 -0.8500000000000001 -1.75 0.0 0.0 0.0
1 -0.75 1.9500000000000002 0.0 0.0 0.0
1 -0.75 1.85 0.0 0.0 0.0
1 -0.75 1.75 0.0 0.0 0.0
0 -0.75 1.6500000000000001 0.0 0.0 1.0
0 -0.75 1.55 0.0 0.0 1.0
0 -0.75 1.4500000000000002 0.0 0.0 1.0
0 -0.75 1.35 0.0 0.0 1.0
0 -0.75 1.25 0.0 0.0 1.0
0 -0.75 1.1500000000000001 0.0 0.0 1.0
0 -0.75 1.05 0.0 0.0 1.0
0 -0.75 0.9500000000000001 0.0 0.0 1.0
0 -0.75 0.8500000000000001 0.0 0.0 1.0
0 -0.75 0.75 0.0 0.0 1.0
0 -0.75 0.65 0.0 0.0 1.0
0 -0.75 0.55 0.0 0.0 1.0
0 -0.75 0.45 0.0 0.0 1.0
0 -0.75 0.35000000000000003 0.0 0.0 1.0
0 -0.75 0.25 0.0 0.0 1.0
0 -0.75 0.15000000000000002 0.0 0.0 1.0
0 -0.75 0.05 0.0 0.0 1.0
0 -0.75 -0.05 0.0 0.0 1.0
0 -0.75 -0.15000000000000002 0.0 0.0 1.0
0 -0.75 -0.25 0.0 0.0 1.0
0 -0.75 -0.35000000000000003 0.0 0.0 1.0
0 -0.75 -0.45 0.0 0.0 1.0
0 -0.75 -0.55 0.0 0.0 1.0
0 -0.75 -0.65 0.0 0.0 1.0
0 -0.75 -0.75 0.0 0.0 1.0
0 -0.75 -0.8500000000000001 0.0 0.0 1.0
0 -0.75 -0.9500000000000001 0.0 0.0 1.0
0 -0.75 -1.05 0.0 0.0 1.0
0 -0.75 -1.1500000000000001 0.0 0.0 1.0
0 -0.75 -1.25 0.0 0.0 1.0
0 -0.75 -1.35 0.0 0.0 1.0
0 -0.75 -1.4500000000000002 0.0 0.0 1.0
1 -0.75 -1.55 0.0 0.0 0.0
1 -0.75 -1.6500000000000001 0.0 0.0 0.0
1 -0.75 -1.75 0.0 0.0 0.0
1 -0.65 1.9500000000000002 0.0 0.0 0.0
1 -0.65 1.85 0.0 0.0 0.0
1 -0.65 1.75 0.0 0.0 0.0
0 -0.65 1.6500000000000001 0.0 0.0 1.0
0 -0.65 1.55 0.0 0.0 1.0
0 -0.65 1.4500000000000002 0.0 0.0 1.0
0 -0.65 1.35 0.0 0.0 1.0
0 -0.65 1.25 0.0 0.0 1.0
0 -0.65 1.1500000000000001 0.0 0.0 1.0
0 -0.65 1.05 0.0 0.0 1.0
0 -0.65 0.9500000000000001 0.0 0.0 1.0
0 -0.65 0.8500000000000001 0.0 0.0 1.0
0 -0.65 0.75 0.0 0.0 1.0
0 -0.65 0.65 0.0 0.0 1.0
0 -0.65 0.55 0.0 0.0 1.0
0 -0.65 0.45 0.0 0.0 1.0
0 -0.65 0.35000000000000003 0.0 0.0 1.0
0 -0.65 0.25 0.0 0.0 1.0
0 -0.65 0.15000000000000002 0.0 0.0 1.0
0 -0.65 0.05 0.0 0.0 1.0
0 -0.65 -0.05 0.0 0.0 1.0
0 -0.65 -0.15000000000000002 0.0 0.0 1.0
0 -0.65 -0.25 0.0 0.0 1.0
0 -0.65 -0.35000000000000003 0.0 0.0 1.0
0 -0.65 -0.45 0.0 0.0 1.0
0 -0.65 -0.55 0.0 0.0 1.0
0 -0.65 -0.65 0.0 0.0 1.0
0 -0.65 -0.75 0.0 0.0 1.0
0 -0.65 -0.8500000000000001 0.0 0.0 1.0
0 -0.65 -0.9500000000000001 0.0 0.0 1.0
0 -0.65 -1.05 0.0 0.0 1.0
0 -0.65 -1.1500000000000001 0.0 0.0 1.0
0 -0.65 -1.25 0.0 0.0 1.0
0 -0.65 -1.35 0.0 0.0 1.0
0 -0.65 -1.4500000000000002 0.0 0.0 1.0
1 -0.65 -1.55 0.0 0.0 0.0
1 -0.65 -1.6500000000000001 0.0 0.0 0.0
1 -0.65 -1.75 0.0 0.0 0.0
1 -0.55 1.9500000000000002 0.0 0.0 0.0
1 -0.55 1.85 0.0 0.0 0.0
1 -0.55 1.75 0.0 0.0 0.0
0 -0.55 1.6500000000000001 0.0 0.0 1.0
0 -0.55 1.55 0.0 0.0 1.0
0 -0.55 1.4500000000000002 0.0 0.0 1.0
0 -0.55 1.35 0.0 0.0 1.0
0 -0.55 1.25 0.0 0.0 1.0
0 -0.55 1.1500000000000001 0.0 0.0 1.0
0 -0.55 1.05 0.0 0.0 1.0
0 -0.55 0.9500000000000001 0.0 0.0 1.0
0 -0.55 0.8500000000000001 0.0 0.0 1.0
0 -0.55 0.75 0.0 0.0 1.0
0 -0.55 0.65 0.0 0.0 1.0
0 -0.55 0.55 0.0 0.0 1.0
0 -0.55 0.45 0.0 0.0 1.0
0 -0.55 0.35000000000000003 0.0 0.0 1.0
0 -0.55 0.25 0.0 0.0 1.0
0 -0.55 0.15000000000000002 0.0 0.0 1.0
0 -0.55 0.05 0.0 0.0 1.0
0 -0.55 -0.05 0.0 0.0 1.0
0 -0.55 -0.15000000000000002 0.0 0.0 1.0
0 -0.55 -0.25 0.0 0.0 1.0
0 -0.55 -0.35000000000000003 0.0 0.0 1.0
0 -0.55 -0.45 0.0 0.0 1.0
0 -0.55 -0.55 0.0 0.0 1.0
0 -0.55 -0.65 0.0 0.0 1.0
0 -0.55 -0.75 0.0 0.0 1.0
0 -0.55 -0.8500000000000001 0.0 0.0 1.0
0 -0.55 -0.9500000000000001 0.0 0.0 1.0
0 -0.55 -1.05 0.0 0.0 1.0
0 -0.55 -1.1500000000000001 0.0 0.0 1.0
0 -0.55 -1.25 0.0 0.0 1.0
0 -0.55 -1.35 0.0 0.0 1.0
0 -0.55 -1.4500000000000002 0.0 0.0 1.0
1 -0.55 -1.55 0.0 0.0 0.0
1 -0.55 -1.6500000000000001 0.0 0.0 0.0
1 -0.55 -1.75 0.0 0.0 0.0
1 -0.45 1.9500000000000002 0.0 0.0 0.0
1 -0.45 1.85 0.0 0.0 0.0
1 -0.45 1.75 0.0 0.0 0.0
0 -0.45 1.6500000000000001 0.0 0.0 1.0
0 -0.45 1.55 0.0 0.0 1.0
0 -0.45 1.4500000000000002 0.0 0.0 1.0
0 -0.45 1.35 0.0 0.0 1.0
0 -0.45 1.25 0.0 0.0 1.0
0 -0.45 1.1500000000000001 0.0 0.0 1.0
0 -0.45 1.05 0.0 0.0 1.0
0 -0.45 0.9500000000000001 0.0 0.0 1.0
0 -0.45 0.8500000000000001 0.0 0.0 1.0
0 -0.45 0.75 0.0 0.0 1.0
0 -0.45 0.65 0.0 0.0 1.0
0 -0.45 0.55 0.0 0.0 1.0
0 -0.45 0.45 0.0 0.0 1.0
0 -0.45 0.35000000000000003 0.0 0.0 1.0
0 -0.45 0.25 0.0 0.0 1.0
0 -0.45 0.15000000000000002 0.0 0.0 1.0
0 -0.45 0.05 0.0 0.0 1.0
0 -0.45 -0.05 0.0 0.0 1.0
0 -0.45 -0.15000000000000002 0.0 0.0 1.0
0 -0.45 -0.25 0.0 0.0 1.0
0 -0.45 -0.35000000000000003 0.0 0.0 1.0
0 -0.45 -0.45 0.0 0.0 1.0
0 -0.45 -0.55 0.0 0.0 1.0
0 -0.45 -0.65 0.0 0.0 1.0
0 -0.45 -0.75 0.0 0.0 1.0
0 -0.45 -0.8500000000000001 0.0 0.0 1.0
0 -0.45 -0.9500000000000001 0.0 0.0 1.0
0 -0.45 -1.05 0.0 0.0 1.0
0 -0.45 -1.1500000000000001 0.0 0.0 1.0
0 -0.45 -1.25 0.0 0.0 1.0
0 -0.45 -1.35 0.0 0.0 1.0
0 -0.45 -1.4500000000000002 0.0 0.0 1.0
1 -0.45 -1.55 0.0 0.0 0.0
1 -0.45 -1.6500000000000001 0.0 0.0 0.0
1 -0.45 -1.75 0.0 0.0 0.0
1 -0.35000000000000003 1.9500000000000002 0.0 0.0 0.0
1 -0.35000000000000003 1.85 0.0 0.0 0.0
1 -0.35000000000000003 1.75 0.0 0.0 0.0
0 -0.35000000000000003 1.6500000000000001 0.0 0.0 1.0
0 -0.35000000000000003 1.55 0.0 0.0 1.0
0 -0.35000000000000003 1.4500000000000002 0.0 0.0 1.0
0 -0.35000000000000003 1.35 0.0 0.0 1.0
0 -0.35000000000000003 1.25 0.0 0.0 1.0
0 -0.35000000000000003 1.1500000000000001 0.0 0.0 1.0
0 -0.35000000000000003 1.05 0.0 0.0 1.0
0 -0.35000000000000003 0.9500000000000001 0.0 0.0 1.0
0 -0.35000000000000003 0.8500000000000001 0.0 0.0 1.0
0 -0.35000000000000003 0.75 0.0 0.0 1.0
0 -0.35000000000000003 0.65 0.0 0.0 1.0
0 -0.35000000000000003 0.55 0.0 0.0 1.0
0 -0.35000000000000003 0.45 0.0 0.0 1.0
0 -0.35000000000000003 0.35000000000000003 0.0 0.0 1.0
0 -0.35000000000000003 0.25 0.0 0.0 1.0
0 -0.35000000000000003 0.15000000000000002 0.0 0.0 1.0
0 -0.35000000000000003 0.05 0.0 0.0 1.0
0 -0.35000000000000003 -0.05 0.0 0.0 1.0
0 -0.35000000000000003 -0.15000000000000002 0.0 0.0 1.0
0 -0.35000000000000003 -0.25 0.0 0.0 1.0
0 -0.35000000000000003 -0.35000000000000003 0.0 0.0 1.0
0 -0.35000000000000003 -0.45 0.0 0.0 1.0
0 -0.35000000000000003 -0.55 0.0 0.0 1.0
0 -0.35000000000000003 -0.65 0.0 0.0 1.0
0 -0.35000000000000003 -0.75 0.0 0.0 1.0
0 -0.35000000000000003 -0.8500000000000001 0.0 0.0 1.0
0 -0.35000000000000003 -0.9500000000000001 0.0 0.0 1.0
0 -0.35000000000000003 -1.05 0.0 0.0 1.0
0 -0.35000000000000003 -1.1500000000000001 0.0 0.0 1.0
0 -0.35000000000000003 -1.25 0.0 0.0 1.0
0 -0.35000000000000003 -1.35 0.0 0.0 1.0
0 -0.35000000000000003 -1.4500000000000002 0.0 0.0 1.0
1 -0.35000000000000003 -1.55 0.0 0.0 0.0
1 -0.35000000000000003 -1.6500000000000001 0.0 0.0 0.0
1 -0.35000000000000003 -1.75 0.0 0.0 0.0
1 -0.25 1.9500000000000002 0.0 0.0 0.0
1 -0.25 1.85 0.0 0.0 0.0
1 -0.25 1.75 0.0 0.0 0.0
0 -0.25 1.6500000000000001 0.0 0.0 1.0
0 -0.25 1.55 0.0 0.0 1.0
0 -0.25 1.4500000000000002 0.0 0.0 1.0
0 -0.25 1.35 0.0 0.0 1.0
0 -0.25 1.25 0.0 0.0 1.0
0 -0.25 1.1500000000000001 0.0 0.0 1.0
0 -0.25 1.05 0.0 0.0 1.0
0 -0.25 0.9500000000000001 0.0 0.0 1.0
0 -0.25 0.8500000000000001 0.0 0.0 1.0
0 -0.25 0.75 0.0 0.0 1.0
0 -0.25 0.65 0.0 0.0 1.0
0 -0.25 0.55 0.0 0.0 1.0
0 -0.25 0.45 0.0 0.0 1.0
0 -0.25 0.35000000000000003 0.0 0.0 1.0
0 -0.25 0.25 0.0 0.0 1.0
0 -0.25 0.15000000000000002 0.0 0.0 1.0
0 -0.25 0.05 0.0 0.0 1.0
0 -0.25 -0.05 0.0 0.0 1.0
0 -0.25 -0.15000000000000002 0.0 0.0 1.0
0 -0.25 -0.25 0.0 0.0 1.0
0 -0.25 -0.35000000000000003 0.0 0.0 1.0
0 -0.25 -0.45 0.0 0.0 1.0
0 -0.25 -0.55 0.0 0.0 1.0
0 -0.25 -0.65 0.0 0.0 1.0
0 -0.25 -0.75 0.0 0.0 1.0
0 -0.25 -0.8500000000000001 0.0 0.0 1.0
0 -0.25 -0.9500000000000001 0.0 0.0 1.0
0 -0.25 -1.05 0.0 0.0 1.0
0 -0.25 -1.1500000000000001 0.0 0.0 1.0
0 -0.25 -1.25 0.0 0.0 1.0
0 -0.25 -1.35 0.0 0.0 1.0
0 -0.25 -1.4500000000000002 0.0 0.0 1.0
1 -0.25 -1.55 0.0 0.0 0.0
1 -0.25 -1.6500000000000001 0.0 0.0 0.0
1 -0.25 -1.75 0.0 0.0 0.0
1 -0.15000000000000002 1.9500000000000002 0.0 0.0 0.0
1 -0.15000000000000002 1.85 0.0 0.0 0.0
1 -0.15000000000000002 1.75 0.0 0.0 0.0
0 -0.15000000000000002 1.6500000000000001 0.0 0.0 1.0
0 -0.15000000000000002 1.55 0.0 0.0 1.0
0 -0.15000000000000002 1.4500000000000002 0.0 0.0 1.0
0 -0.15000000000000002 1.35 0.0 0.0 1.0
0 -0.15000000000000002 1.25 0.0 0.0 1.0
0 -0.15000000000000002 1.1500000000000001 0.0 0.0 1.0
0 -0.15000000000000002 1.05 0.0 0.0 1.0
0 -0.15000000000000002 0.9500000000000001 0.0 0.0 1.0
0 -0.15000000000000002 0.8500000000000001 0.0 0.0 1.0
0 -0.15000000000000002 0.75 0.0 0.0 1.0
0 -0.15000000000000002 0.65 0.0 0.0 1.0
0 -0.15000000000000002 0.55 0.0 0.0 1.0
0 -0.15000000000000002 0.45 0.0 0.0 1.0
0 -0.15000000000000002 0.35000000000000003 0.0 0.0 1.0
0 -0.15000000000000002 0.25 0.0 0.0 1.0
0 -0.15000000000000002 0.15000000000000002 0.0 0.0 1.0
0 -0.15000000000000002 0.05 0.0 0.0 1.0
0 -0.15000000000000002 -0.05 0.0 0.0 1.0
0 -0.15000000000000002 -0.15000000000000002 0.0 0.0 1.0
0 -0.15000000000000002 -0.25 0.0 0.0 1.0
0 -0.15000000000000002 -0.35000000000000003 0.0 0.0 1.0
0 -0.15000000000000002 -0.45 0.0 0.0 1.0
0 -0.15000000000000002 -0.55 0.0 0.0 1.0
0 -0.15000000000000002 -0.65 0.0 0.0 1.0
0 -0.15000000000000002 -0.75 0.0 0.0 1.0
0 -0.15000000000000002 -0.8500000000000001 0.0 0.0 1.0
0 -0.15000000000000002 -0.9500000000000001 0.0 0.0 1.0
0 -0.15000000000000002 -1.05 0.0 0.0 1.0
0 -0.15000000000000002 -1.1500000000000001 0.0 0.0 1.0
0 -0.15000000000000002 -1.25 0.0 0.0 1.0
0 -0.15000000000000002 -1.35 0.0 0.0 1.0
0 -0.15000000000000002 -1.4500000000000002 0.0 0.0 1.0
1 -0.15000000000000002 -1.55 0.0 0.0 0.0
1 -0.15000000000000002 -1.6500000000000001 0.0 0.0 0.0
1 -0.15000000000000002 -1.75 0.0 0.0 0.0
1 -0.05 1.9500000000000002 0.0 0.0 0.0
1 -0.05 1.85 0.0 0.0 0.0
1 -0.05 1.75 0.0 0.0 0.0
0 -0.05 1.6500000000000001 0.0 0.0 1.0
0 -0.05 1.55 0.0 0.0 1.0
0 -0.05 1.4500000000000002 0.0 0.0 1.0
0 -0.05 1.35 0.0 0.0 1.0
0 -0.05 1.25 0.0 0.0 1.0
0 -0.05 1.1500000000000001 0.0 0.0 1.0
0 -0.05 1.05 0.0 0.0 1.0
0 -0.05 0.9500000000000001 0.0 0.0 1.0
0 -0.05 0.8500000000000001 0.0 0.0 1.0
0 -0.05 0.75 0.0 0.0 1.0
0 -0.05 0.65 0.0 0.0 1.0
0 -0.05 0.55 0.0 0.0 1.0
0 -0.05 0.45 0.0 0.0 1.0
0 -0.05 0.35000000000000003 0.0 0.0 1.0
0 -0.05 0.25 0.0 0.0 1.0
0 -0.05 0.15000000000000002 0.0 0.0 1.0
0 -0.05 0.05 0.0 0.0 1.0
0 -0.05 -0.05 0.0 0.0 1.0
0 -0.05 -0.15000000000000002 0.0 0.0 1.0
0 -0.05 -0.25 0.0 0.0 1.0
0 -0.05 -0.35000000000000003 0.0 0.0 1.0
0 -0.05 -0.45 0.0 0.0 1.0
0 -0.05 -0.55 0.0 0.0 1.0
0 -0.05 -0.65 0.0 0.0 1.0
0 -0.05 -0.75 0.0 0.0 1.0
0 -0.05 -0.8500000000000001 0.0 0.0 1.0
0 -0.05 -0.9500000000000001 0.0 0.0 1.0
0 -0.05 -1.05 0.0 0.0 1.0
0 -0.05 -1.1500000000000001 0.0 0.0 1.0
0 -0.05 -1.25 0.0 0.0 1.0
0 -0.05 -1.35 0.0 0.0 1.0
0 -0.05 -1.4500000000000002 0.0 0.0 1.0
1 -0.05 -1.55 0.0 0.0 0.0
1 -0.05 -1.6500000000000001 0.0 0.0 0.0
1 -0.05 -1.75 0.0 0.0 0.0
1 0.05 1.9500000000000002 0.0 0.0 0.0
1 0.05 1.85 0.0 0.0 0.0
1 0.05 1.75 0.0 0.0 0.0
0 0.05 1.6500000000000001 0.0 0.0 1.0
0 0.05 1.55 0.0 0.0 1.0
0 0.05 1.4500000000000002 0.0 0.0 1.0
0 0.05 1.35 0.0 0.0 1.0
0 0.05 1.25 0.0 0.0 1.0
0 0.05 1.1500000000000001 0.0 0.0 1.0
0 0.05 1.05 0.0 0.0 1.0
0 0.05 0.9500000000000001 0.0 0.0 1.0
0 0.05 0.8500000000000001 0.0 0.0 1.0
0 0.05 0.75 0.0 0.0 1.0
0 0.05 0.65 0.0 0.0 1.0
0 0.05 0.55 0.0 0.0 1.0
0 0.05 0.45 0.0 0.0 1.0
0 0.05 0.35000000000000003 0.0 0.0 1.0
0 0.05 0.25 0.0 0.0 1.0
0 0.05 0.15000000000000002 0.0 0.0 1.0
0 0.05 0.05 0.0 0.0 1.0
0 0.05 -0.05 0.0 0.0 1.0
0 0.05 -0.15000000000000002 0.0 0.0 1.0
0 0.05 -0.25 0.0 0.0 1.0
0 0.05 -0.35000000000000003 0.0 0.0 1.0
0 0.05 -0.45 0.0 0.0 1.0
0 0.05 -0.55 0.0 0.0 1.0
0 0.05 -0.65 0.0 0.0 1.0
0 0.05 -0.75 0.0 0.0 1.0
0 0.05 -0.8500000000000001 0.0 0.0 1.0
0 0.05 -0.9500000000000001 0.0 0.0 1.0
0 0.05 -1.05 0.0 0.0 1.0
0 0.05 -1.1500000000000001 0.0 0.0 1.0
0 0.05 -1.25 0.0 0.0 1.0
0 0.05 -1.35 0.0 0.0 1.0
0 0.05 -1.4500000000000002 0.0 0.0 1.0
1 0.05 -1.55 0.0 0.0 0.0
1 0.05 -1.6500000000000001 0.0 0.0 0.0
1 0.05 -1.75 0.0 0.0 0.0
1 0.15000000000000002 1.9500000000000002 0.0 0.0 0.0
1 0.15000000000000002 1.85 0.0 0.0 0.0
1 0.15000000000000002 1.75 0.0 0.0 0.0
0 0.15000000000000002 1.6500000000000001 0.0 0.0 1.0
0 0.15000000000000002 1.55 0.0 0.0 1.0
0 0.15000000000000002 1.4500000000000002 0.0 0.0 1.0
0 0.15000000000000002 1.35 0.0 0.0 1.0
0 0.15000000000000002 1.25 0.0 0.0 1.0
0 0.15000000000000002 1.1500000000000001 0.0 0.0 1.0
0 0.15000000000000002 1.05 0.0 0.0 1.0
0 0.15000000000000002 0.9500000000000001 0.0 0.0 1.0
0 0.15000000000000002 0.8500000000000001 0.0 0.0 1.0
0 0.15000000000000002 0.75 0.0 0.0 1.0
0 0.15000000000000002 0.65 0.0 0.0 1.0
0 0.15000000000000002 0.55 0.0 0.0 1.0
0 0.15000000000000002 0.45 0.0 0.0 1.0
0 0.15000000000000002 0.35000000000000003 0.0 0.0 1.0
0 0.15000000000000002 0.25 0.0 0.0 1.0
0 0.15000000000000002 0.15000000000000002 0.0 0.0 1.0
0 0.15000000000000002 0.05 0.0 0.0 1.0
0 0.15000000000000002 -0.05 0.0 0.0 1.0
0 0.15000000000000002 -0.15000000000000002 0.0 0.0 1.0
0 0.15000000000000002 -0.25 0.0 0.0 1.0
0 0.15000000000000002 -0.35000000000000003 0.0 0.0 1.0
0 0.15000000000000002 -0.45 0.0 0.0 1.0
0 0.15000000000000002 -0.55 0.0 0.0 1.0
0 0.15000000000000002 -0.65 0.0 0.0 1.0
0 0.15000000000000002 -0.75 0.0 0.0 1.0
0 0.15000000000000002 -0.8500000000000001 0.0 0.0 1.0
0 0.15000000000000002 -0.9500000000000001 0.0 0.0 1.0
0 0.15000000000000002 -1.05 0.0 0.0 1.0
0 0.15000000000000002 -1.1500000000000001 0.0 0.0 1.0
0 0.15000000000000002 -1.25 0.0 0.0 1.0
0 0.15000000000000002 -1.35 0.0 0.0 1.0
0 0.15000000000000002 -1.4500000000000002 0.0 0.0 1.0
1 0.15000000000000002 -1.55 0.0 0.0 0.0
1 0.15000000000000002 -1.6500000000000001 0.0 0.0 0.0
1 0.15000000000000002 -1.75 0.0 0.0 0.0
1 0.25 1.9500000000000002 0.0 0.0 0.0
1 0.25 1.85 0.0 0.0 0.0
1 0.25 1.75 0.0 0.0 0.0
0 0.25 1.6500000000000001 0.0 0.0 1.0
0 0.25 1.55 0.0 0.0 1.0
0 0.25 1.4500000000000002 0.0 0.0 1.0
0 0.25 1.35 0.0 0.0 1.0
0 0.25 1.25 0.0 0.0 1.0
0 0.25 1.1500000000000001 0.0 0.0 1.0
0 0.25 1.05 0.0 0.0 1.0
0 0.25 0.9500000000000001 0.0 0.0 1.0
0 0.25 0.8500000000000001 0.0 0.0 1.0
0 0.25 0.75 0.0 0.0 1.0
0 0.25 0.65 0.0 0.0 1.0
0 0.25 0.55 0.0 0.0 1.0
0 0.25 0.45 0.0 0.0 1.0
0 0.25 0.35000000000000003 0.0 0.0 1.0
0 0.25 0.25 0.0 0.0 1.0
0 0.25 0.15000000000000002 0.0 0.0 1.0
0 0.25 0.05 0.0 0.0 1.0
0 0.25 -0.05 0.0 0.0 1.0
0 0.25 -0.15000000000000002 0.0 0.0 1.0
0 0.25 -0.25 0.0 0.0 1.0
0 0.25 -0.35000000000000003 0.0 0.0 1.0
0 0.25 -0.45 0.0 0.0 1.0
0 0.25 -0.55 0.0 0.0 1.0
0 0.25 -0.65 0.0 0.0 1.0
0 0.25 -0.75 0.0 0.0 1.0
0 0.25 -0.8500000000000001 0.0 0.0 1.0
0 0.25 -0.9500000000000001 0.0 0.0 1.0
0 0.25 -1.05 0.0 0.0 1.0
0 0.25 -1.1500000000000001 0.0 0.0 1.0
0 0.25 -1.25 0.0 0.0 1.0
0 0.25 -1.35 0.0 0.0 1.0
0 0.25 -1.4500000000000002 0.0 0.0 1.0
1 0.25 -1.55 0.0 0.0 0.0
1 0.25 -1.6500000000000001 0.0 0.0 0.0
1 0.25 -1.75 0.0 0.0 0.0
1 0.35000000000000003 1.9500000000000002 0.0 0.0 0.0
1 0.35000000000000003 1.85 0.0 0.0 0.0
1 0.35000000000000003 1.75 0.0 0.0 0.0
0 0.35000000000000003 1.6500000000000001 0.0 0.0 1.0
0 0.35000000000000003 1.55 0.0 0.0 1.0
0 0.35000000000000003 1.4500000000000002 0.0 0.0 1.0
0 0.35000000000000003 1.35 0.0 0.0 1.0
0 0.35000000000000003 1.25 0.0 0.0 1.0
0 0.35000000000000003 1.1500000000000001 0.0 0.0 1.0
0 0.35000000000000003 1.05 0.0 0.0 1.0
0 0.35000000000000003 0.9500000000000001 0.0 0.0 1.0
0 0.35000000000000003 0.8500000000000001 0.0 0.0 1.0
0 0.35000000000000003 0.75 0.0 0.0 1.0
0 0.35000000000000003 0.65 0.0 0.0 1.0
0 0.35000000000000003 0.55 0.0 0.0 1.0
0 0.35000000000000003 0.45 0.0 0.0 1.0
0 0.35000000000000003 0.35000000000000003 0.0 0.0 1.0
0 0.35000000000000003 0.25 0.0 0.0 1.0
0 0.35000000000000003 0.15000000000000002 0.0 0.0 1.0
0 0.35000000000000003 0.05 0.0 0.0 1.0
0 0.35000000000000003 -0.05 0.0 0.0 1.0
0 0.35000000000000003 -0.15000000000000002 0.0 0.0 1.0
0 0.35000000000000003 -0.25 0.0 0.0 1.0
0 0.35000000000000003 -0.35000000000000003 0.0 0.0 1.0
0 0.35000000000000003 -0.45 0.0 0.0 1.0
0 0.35000000000000003 -0.55 0.0 0.0 1.0
0 0.35000000000000003 -0.65 0.0 0.0 1.0
0 0.35000000000000003 -0.75 0.0 0.0 1.0
0 0.35000000000000003 -0.8500000000000001 0.0 0.0 1.0
0 0.35000000000000003 -0.9500000000000001 0.0 0.0 1.0
0 0.35000000000000003 -1.05 0.0 0.0 1.0
0 0.35000000000000003 -1.1500000000000001 0.0 0.0 1.0
0 0.35000000000000003 -1.25 0.0 0.0 1.0
0 0.35000000000000003 -1.35 0.0 0.0 1.0
0 0.35000000000000003 -1.4500000000000002 0.0 0.0 1.0
1 0.35000000000000003 -1.55 0.0 0.0 0.0
1 0.35000000000000003 -1.6500000000000001 0.0 0.0 0.0
1 0.35000000000000003 -1.75 0.0 0.0 0.0
1 0.45 1.9500000000000002 0.0 0.0 0.0
1 0.45 1.85 0.0 0.0 0.0
1 0.45 1.75 0.0 0.0 0.0
0 0.45 1.6500000000000001 0.0 0.0 1.0
0 0.45 1.55 0.0 0.0 1.0
0 0.45 1.4500000000000002 0.0 0.0 1.0
0 0.45 1.35 0.0 0.0 1.0
0 0.45 1.25 0.0 0.0 1.0
0 0.45 1.1500000000000001 0.0 0.0 1.0
0 0.45 1.05 0.0 0.0 1.0
0 0.45 0.9500000000000001 0.0 0.0 1.0
0 0.45 0.8500000000000001 0.0 0.0 1.0
0 0.45 0.75 0.0 0.0 1.0
0 0.45 0.65 0.0 0.0 1.0
0 0.45 0.55 0.0 0.0 1.0
0 0.45 0.45 0.0 0.0 1.0
0 0.45 0.35000000000000003 0.0 0.0 1.0
0 0.45 0.25 0.0 0.0 1.0
0 0.45 0.15000000000000002 0.0 0.0 1.0
0 0.45 0.05 0.0 0.0 1.0
0 0.45 -0.05 0.0 0.0 1.0
0 0.45 -0.15000000000000002 0.0 0.0 1.0
0 0.45 -0.25 0.0 0.0 1.0
0 0.45 -0.35000000000000003 0.0 0.0 1.0
0 0.45 -0.45 0.0 0.0 1.0
0 0.45 -0.55 0.0 0.0 1.0
0 0.45 -0.65 0.0 0.0 1.0
0 0.45 -0.75 0.0 0.0 1.0
0 0.45 -0.8500000000000001 0.0 0.0 1.0
0 0.45 -0.9500000000000001 0.0 0.0 1.0
0 0.45 -1.05 0.0 0.0 1.0
0 0.45 -1.1500000000000001 0.0 0.0 1.0
0 0.45 -1.25 0.0 0.0 1.0
0 0.45 -1.35 0.0 0.0 1.0
0 0.45 -1.4500000000000002 0.0 0.0 1.0
1 0.45 -1.55 0.0 0.0 0.0
1 0.45 -1.6500000000000001 0.0 0.0 0.0
1 0.45 -1.75 0.0 0.0 0.0
1 0.55 1.9500000000000002 0.0 0.0 0.0
1 0.55 1.85 0.0 0.0 0.0
1 0.55 1.75 0.0 0.0 0.0
0 0.55 1.6500000000000001 0.0 0.0 1.0
0 0.55 1.55 0.0 0.0 1.0
0 0.55 1.4500000000000002 0.0 0.0 1.0
0 0.55 1.35 0.0 0.0 1.0
0 0.55 1.25 0.0 0.0 1.0
0 0.55 1.1500000000000001 0.0 0.0 1.0
0 0.55 1.05 0.0 0.0 1.0
0 0.55 0.9500000000000001 0.0 0.0 1.0
0 0.55 0.8500000000000001 0.0 0.0 1.0
0 0.55 0.75 0.0 0.0 1.0
0 0.55 0.65 0.0 0.0 1.0
0 0.55 0.55 0.0 0.0 1.0
0 0.55 0.45 0.0 0.0 1.0
0 0.55 0.35000000000000003 0.0 0.0 1.0
0 0.55 0.25 0.0 0.0 1.0
0 0.55 0.15000000000000002 0.0 0.0 1.0
0 0.55 0.05 0.0 0.0 1.0
0 0.55 -0.05 0.0 0.0 1.0
0 0.55 -0.15000000000000002 0.0 0.0 1.0
0 0.55 -0.25 0.0 0.0 1.0
0 0.55 -0.35000000000000003 0.0 0.0 1.0
0 0.55 -0.45 0.0 0.0 1.0
0 0.55 -0.55 0.0 0.0 1.0
0 0.55 -0.65 0.0 0.0 1.0
0 0.55 -0.75 0.0 0.0 1.0
0 0.55 -0.8500000000000001 0.0 0.0 1.0
0 0.55 -0.9500000000000001 0.0 0.0 1.0
0 0.55 -1.05 0.0 0.0 1.0
0 0.55 -1.1500000000000001 0.0 0.0 1.0
0 0.55 -1.25 0.0 0.0 1.0
0 0.55 -1.35 0.0 0.0 1.0
0 0.55 -1.4500000000000002 0.0 0.0 1.0
1 0.55 -1.55 0.0 0.0 0.0
1 0.55 -1.6500000000000001 0.0 0.0 0.0
1 0.55 -1.75 0.0 0.0 0.0
1 0.65 1.9500000000000002 0.0 0.0 0.0
1 0.65 1.85 0.0 0.0 0.0
1 0.65 1.75 0.0 0.0 0.0
0 0.65 1.6500000000000001 0.0 0.0 1.0
0 0.65 1.55 0.0 0.0 1.0
0 0.65 1.4500000000000002 0.0 0.0 1.0
0 0.65 1.35 0.0 0.0 1.0
0 0.65 1.25 0.0 0.0 1.0
0 0.65 1.1500000000000001 0.0 0.0 1.0
0 0.65 1.05 0.0 0.0 1.0
0 0.65 0.9500000000000001 0.0 0.0 1.0
0 0.65 0.8500000000000001 0.0 0.0 1.0
0 0.65 0.75 0.0 0.0 1.0
0 0.65 0.65 0.0 0.0 1.0
0 0.65 0.55 0.0 0.0 1.0
0 0.65 0.45 0.0 0.0 1.0
0 0.65 0.35000000000000003 0.0 0.0 1.0
0 0.65 0.25 0.0 0.0 1.0
0 0.65 0.15000000000000002 0.0 0.0 1.0
0 0.65 0.05 0.0 0.0 1.0
0 0.65 -0.05 0.0 0.0 1.0
0 0.65 -0.15000000000000002 0.0 0.0 1.0
0 0.65 -0.25 0.0 0.0 1.0
0 0.65 -0.35000000000000003 0.0 0.0 1.0
0 0.65 -0.45 0.0 0.0 1.0
0 0.65 -0.55 0.0 0.0 1.0
0 0.65 -0.65 0.0 0.0 1.0
0 0.65 -0.75 0.0 0.0 1.0
0 0.65 -0.8500000000000001 0.0 0.0 1.0
0 0.65 -0.9500000000000001 0.0 0.0 1.0
0 0.65 -1.05 0.0 0.0 1.0
0 0.65 -1.1500000000000001 0.0 0.0 1.0
0 0.65 -1.25 0.0 0.0 1.0
0 0.65 -1.35 0.0 0.0 1.0
0 0.65 -1.4500000000000002 0.0 0.0 1.0
1 0.65 -1.55 0.0 0.0 0.0
1 0.65 -1.6500000000000001 0.0 0.0 0.0
1 0.65 -1.75 0.0 0.0 0.0
1 0.75 1.9500000000000002 0.0 0.0 0.0
1 0.75 1.85 0.0 0.0 0.0
1 0.75 1.75 0.0 0.0 0.0
0 0.75 1.6500000000000001 0.0 0.0 1.0
0 0.75 1.55 0.0 0.0 1.0
0 0.75 1.4500000000000002 0.0 0.0 1.0
0 0.75 1.35 0.0 0.0 1.0
0 0.75 1.25 0.0 0.0 1.0
0 0.75 1.1500000000000001 0.0 0.0 1.0
0 0.75 1.05 0.0 0.0 1.0
0 0.75 0.9500000000000001 0.0 0.0 1.0
0 0.75 0.8500000000000001 0.0 0.0 1.0
0 0.75 0.75 0.0 0.0 1.0
0 0.75 0.65 0.0 0.0 1.0
0 0.75 0.55 0.0 0.0 1.0
0 0.75 0.45 0.0 0.0 1.0
0 0.75 0.35000000000000003 0.0 0.0 1.0
0 0.75 0.25 0.0 0.0 1.0
0 0.75 0.15000000000000002 0.0 0.0 1.0
0 0.75 0.05 0.0 0.0 1.0
0 0.75 -0.05 0.0 0.0 1.0
0 0.75 -0.15000000000000002 0.0 0.0 1.0
0 0.75 -0.25 0.0 0.0 1.0
0 0.75 -0.35000000000000003 0.0 0.0 1.0
0 0.75 -0.45 0.0 0.0 1.0
0 0.75 -0.55 0.0 0.0 1.0
0 0.75 -0.65 0.0 0.0 1.0
0 0.75 -0.75 0.0 0.0 1.0
0 0.75 -0.8500000000000001 0.0 0.0 1.0
0 0.75 -0.9500000000000001 0.0 0.0 1.0
0 0.75 -1.05 0.0 0.0 1.0
0 0.75 -1.1500000000000001 0.0 0.0 1.0
0 0.75 -1.25 0.0 0.0 1.0
0 0.75 -1.35 0.0 0.0 1.0
0 0.75 -1.4500000000000002 0.0 0.0 1.0
1 0.75 -1.55 0.0 0.0 0.0
1 0.75 -1.6500000000000001 0.0 0.0 0.0
1 0.75 -1.75 0.0 0.0 0.0
1 0.8500000000000001 1.9500000000000002 0.0 0.0 0.0
1 0.8500000000000001 1.85 0.0 0.0 0.0
1 0.8500000000000001 1.75 0.0 0.0 0.0
0 0.8500000000000001 1.6500000000000001 0.0 0.0 1.0
0 0.8500000000000001 1.55 0.0 0.0 1.0
0 0.8500000000000001 1.4500000000000002 0.0 0.0 1.0
0 0.8500000000000001 1.35 0.0 0.0 1.0
0 0.8500000000000001 1.25 0.0 0.0 1.0
0 0.8500000000000001 1.1500000000000001 0.0 0.0 1.0
0 0.8500000000000001 1.05 0.0 0.0 1.0
0 0.8500000000000001 0.9500000000000001 0.0 0.0 1.0
0 0.8500000000000001 0.8500000000000001 0.0 0.0 1.0
0 0.8500000000000001 0.75 0.0 0.0 1.0
0 0.8500000000000001 0.65 0.0 0.0 1.0
0 0.8500000000000001 0.55 0.0 0.0 1.0
0 0.8500000000000001 0.45 0.0 0.0 1.0
0 0.8500000000000001 0.35000000000000003 0.0 0.0 1.0
0 0.8500000000000001 0.25 0.0 0.0 1.0
0 0.8500000000000001 0.15000000000000002 0.0 0.0 1.0
0 0.8500000000000001 0.05 0.0 0.0 1.0
0 0.8500000000000001 -0.05 0.0 0.0 1.0
0 0.8500000000000001 -0.15000000000000002 0.0 0.0 1.0
0 0.8500000000000001 -0.25 0.0 0.0 1.0
0 0.8500000000000001 -0.35000000000000003 0.0 0.0 1.0
0 0.8500000000000001 -0.45 0.0 0.0 1.0
0 0.8500000000000001 -0.55 0.0 0.0 1.0
0 0.8500000000000001 -0.65 0.0 0.0 1.0
0 0.8500000000000001 -0.75 0.0 0.0 1.0
0 0.8500000000000001 -0.8500000000000001 0.0 0.0 1.0
0 0.8500000000000001 -0.9500000000000001 0.0 0.0 1.0
0 0.8500000000000001 -1.05 0.0 0.0 1.0
0 0.8500000000000001 -1.1500000000000001 0.0 0.0 1.0
0 0.8500000000000001 -1.25 0.0 0.0 1.0
0 0.8500000000000001 -1.35 0.0 0.0 1.0
0 0.8500000000000001 -1.4500000000000002 0.0 0.0 1.0
1 0.8500000000000001 -1.55 0.0 0.0 0.0
1 0.8500000000000001 -1.6500000000000001 0.0 0.0 0.0
1 0.8500000000000001 -1.75 0.0 0.0 0.0
1 0.9500000000000001 1.9500000000000002 0.0 0.0 0.0
1 0.9500000000000001 1.85 0.0 0.0 0.0
1 0.9500000000000001 1.75 0.0 0.0 0.0
0 0.9500000000000001 1.6500000000000001 0.0 0.0 1.0
0 0.9500000000000001 1.55 0.0 0.0 1.0
0 0.9500000000000001 1.4500000000000002 0.0 0.0 1.0
0 0.9500000000000001 1.35 0.0 0.0 1.0
0 0.9500000000000001 1.25 0.0 0.0 1.0
0 0.9500000000000001 1.1500000000000001 0.0 0.0 1.0
0 0.9500000000000001 1.05 0.0 0.0 1.0
0 0.9500000000000001 0.9500000000000001 0.0 0.0 1.0
0 0.9500000000000001 0.8500000000000001 0.0 0.0 1.0
0 0.9500000000000001 0.75 0.0 0.0 1.0
0 0.9500000000000001 0.65 0.0 0.0 1.0
0 0.9500000000000001 0.55 0.0 0.0 1.0
0 0.9500000000000001 0.45 0.0 0.0 1.0
0 0.9500000000000001 0.35000000000000003 0.0 0.0 1.0
0 0.9500000000000001 0.25 0.0 0.0 1.0
0 0.9500000000000001 0.15000000000000002 0.0 0.0 1.0
0 0.9500000000000001 0.05 0.0 0.0 1.0
0 0.9500000000000001 -0.05 0.0 0.0 1.0
0 0.9500000000000001 -0.15000000000000002 0.0 0.0 1.0
0 0.9500000000000001 -0.25 0.0 0.0 1.0
0 0.9500000000000001 -0.35000000000000003 0.0 0.0 1.0
0 0.9500000000000001 -0.45 0.0 0.0 1.0
0 0.9500000000000001 -0.55 0.0 0.0 1.0
0 0.9500000000000001 -0.65 0.0 0.0 1.0
0 0.9500000000000001 -0.75 0.0 0.0 1.0
0 0.9500000000000001 -0.8500000000000001 0.0 0.0 1.0
0 0.9500000000000001 -0.9500000000000001 0.0 0.0 1.0
0 0.9500000000000001 -1.05 0.0 0.0 1.0
0 0.9500000000000001 -1.1500000000000001 0.0 0.0 1.0
0 0.9500000000000001 -1.25 0.0 0.0 1.0
0 0.9500000000000001 -1.35 0.0 0.0 1.0
0 0.9500000000000001 -1.4500000000000002 0.0 0.0 1.0
1 0.9500000000000001 -1.55 0.0 0.0 0.0
1 0.9500000000000001 -1.6500000000000001 0.0 0.0 0.0
1 0.9500000000000001 -1.75 0.0 0.0 0.0
1 1.05 1.9500000000000002 0.0 0.0 0.0
1 1.05 1.85 0.0 0.0 0.0
1 1.05 1.75 0.0 0.0 0.0
0 1.05 1.6500000000000001 0.0 0.0 1.0
0 1.05 1.55 0.0 0.0 1.0
0 1.05 1.4500000000000002 0.0 0.0 1.0
0 1.05 1.35 0.0 0.0 1.0
0 1.05 1.25 0.0 0.0 1.0
0 1.05 1.1500000000000001 0.0 0.0 1.0
0 1.05 1.05 0.0 0.0 1.0
0 1.05 0.9500000000000001 0.0 0.0 1.0
0 1.05 0.8500000000000001 0.0 0.0 1.0
0 1.05 0.75 0.0 0.0 1.0
0 1.05 0.65 0.0 0.0 1.0
0 1.05 0.55 0.0 0.0 1.0
0 1.05 0.45 0.0 0.0 1.0
0 1.05 0.35000000000000003 0.0 0.0 1.0
0 1.05 0.25 0.0 0.0 1.0
0 1.05 0.15000000000000002 0.0 0.0 1.0
0 1.05 0.05 0.0 0.0 1.0
0 1.05 -0.05 0.0 0.0 1.0
0 1.05 -0.15000000000000002 0.0 0.0 1.0
0 1.05 -0.25 0.0 0.0 1.0
0 1.05 -0.35000000000000003 0.0 0.0 1.0
0 1.05 -0.45 0.0 0.0 1.0
0 1.05 -0.55 0.0 0.0 1.0
0 1.05 -0.65 0.0 0.0 1.0
0 1.05 -0.75 0.0 0.0 1.0
0 1.05 -0.8500000000000001 0.0 0.0 1.0
0 1.05 -0.9500000000000001 0.0 0.0 1.0
0 1.05 -1.05 0.0 0.0 1.0
0 1.05 -1.1500000000000001 0.0 0.0 1.0
0 1.05 -1.25 0.0 0.0 1.0
0 1.05 -1.35 0.0 0.0 1.0
0 1.05 -1.4500000000000002 0.0 0.0 1.0
1 1.05 -1.55 0.0 0.0 0.0
1 1.05 -1.6500000000000001 0.0 0.0 0.0
1 1.05 -1.75 0.0 0.0 0.0
1 1.1500000000000001 1.9500000000000002 0.0 0.0 0.0
1 1.1500000000000001 1.85 0.0 0.0 0.0
1 1.1500000000000001 1.75 0.0 0.0 0.0
0 1.1500000000000001 1.6500000000000001 0.0 0.0 1.0
0 1.1500000000000001 1.55 0.0 0.0 1.0
0 1.1500000000000001 1.4500000000000002 0.0 0.0 1.0
0 1.1500000000000001 1.35 0.0 0.0 1.0
0 1.1500000000000001 1.25 0.0 0.0 1.0
0 1.1500000000000001 1.1500000000000001 0.0 0.0 1.0
0 1.1500000000000001 1.05 0.0 0.0 1.0
0 1.1500000000000001 0.9500000000000001 0.0 0.0 1.0
0 1.1500000000000001 0.8500000000000001 0.0 0.0 1.0
0 1.1500000000000001 0.75 0.0 0.0 1.0
0 1.1500000000000001 0.65 0.0 0.0 1.0
0 1.1500000000000001 0.55 0.0 0.0 1.0
0 1.1500000000000001 0.45 0.0 0.0 1.0
0 1.1500000000000001 0.35000000000000003 0.0 0.0 1.0
0 1.1500000000000001 0.25 0.0 0.0 1.0
0 1.1500000000000001 0.15000000000000002 0.0 0.0 1.0
0 1.1500000000000001 0.05 0.0 0.0 1.0
0 1.1500000000000001 -0.05 0.0 0.0 1.0
0 1.1500000000000001 -0.15000000000000002 0.0 0.0 1.0
0 1.1500000000000001 -0.25 0.0 0.0 1.0
0 1.1500000000000001 -0.35000000000000003 0.0 0.0 1.0
0 1.1500000000000001 -0.45 0.0 0.0 1.0
0 1.1500000000000001 -0.55 0.0 0.0 1.0
0 1.1500000000000001 -0.65 0.0 0.0 1.0
0 1.1500000000000001 -0.75 0.0 0.0 1.0
0 1.1500000000000001 -0.8500000000000001 0.0 0.0 1.0
0 1.1500000000000001 -0.9500000000000001 0.0 0.0 1.0
0 1.1500000000000001 -1.05 0.0 0.0 1.0
0 1.1500000000000001 -1.1500000000000001 0.0 0.0 1.0
0 1.1500000000000001 -1.25 0.0 0.0 1.0
0 1.1500000000000001 -1.35 0.0 0.0 1.0
0 1.1500000000000001 -1.4500000000000002 0.0 0.0 1.0
1 1.1500000000000001 -1.55 0.0 0.0 0.0
1 1.1500000000000001 -1.6500000000000001 0.0 0.0 0.0
1 1.1500000000000001 -1.75 0.0 0.0 0.0
1 1.25 1.9500000000000002 0.0 0.0 0.0
1 1.25 1.85 0.0 0.0 0.0
1 1.25 1.75 0.0 0.0 0.0
0 1.25 1.6500000000000001 0.0 0.0 1.0
0 1.25 1.55 0.0 0.0 1.0
0 1.25 1.4500000000000002 0.0 0.0 1.0
0 1.25 1.35 0.0 0.0 1.0
0 1.25 1.25 0.0 0.0 1.0
0 1.25 1.1500000000000001 0.0 0.0 1.0
0 1.25 1.05 0.0 0.0 1.0
0 1.25 0.9500000000000001 0.0 0.0 1.0
0 1.25 0.8500000000000001 0.0 0.0 1.0
0 1.25 0.75 0.0 0.0 1.0
0 1.25 0.65 0.0 0.0 1.0
0 1.25 0.55 0.0 0.0 1.0
0 1.25 0.45 0.0 0.0 1.0
0 1.25 0.35000000000000003 0.0 0.0 1.0
0 1.25 0.25 0.0 0.0 1.0
0 1.25 0.15000000000000002 0.0 0.0 1.0
0 1.25 0.05 0.0 0.0 1.0
0 1.25 -0.05 0.0 0.0 1.0
0 1.25 -0.15000000000000002 0.0 0.0 1.0
0 1.25 -0.25 0.0 0.0 1.0
0 1.25 -0.35000000000000003 0.0 0.0 1.0
0 1.25 -0.45 0.0 0.0 1.0
0 1.25 -0.55 0.0 0.0 1.0
0 1.25 -0.65 0.0 0.0 1.0
0 1.25 -0.75 0.0 0.0 1.0
0 1.25 -0.8500000000000001 0.0 0.0 1.0
0 1.25 -0.9500000000000001 0.0 0.0 1.0
0 1.25 -1.05 0.0 0.0 1.0
0 1.25 -1.1500000000000001 0.0 0.0 1.0
0 1.25 -1.25 0.0 0.0 1.0
0 1.25 -1.35 0.0 0.0 1.0
0 1.25 -1.4500000000000002 0.0 0.0 1.0
1 1.25 -1.55 0.0 0.0 0.0
1 1.25 -1.6500000000000001 0.0 0.0 0.0
1 1.25 -1.75 0.0 0.0 0.0
1 1.35 1.9500000000000002 0.0 0.0 0.0
1 1.35 1.85 0.0 0.0 0.0
1 1.35 1.75 0.0 0.0 0.0
0 1.35 1.6500000000000001 0.0 0.0 1.0
0 1.35 1.55 0.0 0.0 1.0
0 1.35 1.4500000000000002 0.0 0.0 1.0
0 1.35 1.35 0.0 0.0 1.0
0 1.35 1.25 0.0 0.0 1.0
0 1.35 1.1500000000000001 0.0 0.0 1.0
0 1.35 1.05 0.0 0.0 1.0
0 1.35 0.9500000000000001 0.0 0.0 1.0
0 1.35 0.8500000000000001 0.0 0.0 1.0
0 1.35 0.75 0.0 0.0 1.0
0 1.35 0.65 0.0 0.0 1.0
0 1.35 0.55 0.0 0.0 1.0
0 1.35 0.45 0.0 0.0 1.0
0 1.35 0.35000000000000003 0.0 0.0 1.0
0 1.35 0.25 0.0 0.0 1.0
0 1.35 0.15000000000000002 0.0 0.0 1.0
0 1.35 0.05 0.0 0.0 1.0
0 1.35 -0.05 0.0 0.0 1.0
0 1.35 -0.15000000000000002 0.0 0.0 1.0
0 1.35 -0.25 0.0 0.0 1.0
0 1.35 -0.35000000000000003 0.0 0.0 1.0
0 1.35 -0.45 0.0 0.0 1.0
0 1.35 -0.55 0.0 0.0 1.0
0 1.35 -0.65 0.0 0.0 1.0
0 1.35 -0.75 0.0 0.0 1.0
0 1.35 -0.8500000000000001 0.0 0.0 1.0
0 1.35 -0.9500000000000001 0.0 0.0 1.0
0 1.35 -1.05 0.0 0.0 1.0
0 1.35 -1.1500000000000001 0.0 0.0 1.0
0 1.35 -1.25 0.0 0.0 1.0
0 1.35 -1.35 0.0 0.0 1.0
0 1.35 -1.4500000000000002 0.0 0.0 1.0
1 1.35 -1.55 0.0 0.0 0.0
1 1.35 -1.6500000000000001 0.0 0.0 0.0
1 1.35 -1.75 0.0 0.0 0.0
1 1.4500000000000002 1.9500000000000002 0.0 0.0 0.0
1 1.4500000000000002 1.85 0.0 0.0 0.0
1 1.4500000000000002 1.75 0.0 0.0 0.0
0 1.4500000000000002 1.6500000000000001 0.0 0.0 1.0
0 1.4500000000000002 1.55 0.0 0.0 1.0
0 1.4500000000000002 1.4500000000000002 0.0 0.0 1.0
0 1.4500000000000002 1.35 0.0 0.0 1.0
0 1.4500000000000002 1.25 0.0 0.0 1.0
0 1.4500000000000002 1.1500000000000001 0.0 0.0 1.0
0 1.4500000000000002 1.05 0.0 0.0 1.0
0 1.4500000000000002 0.9500000000000001 0.0 0.0 1.0
0 1.4500000000000002 0.8500000000000001 0.0 0.0 1.0
0 1.4500000000000002 0.75 0.0 0.0 1.0
0 1.4500000000000002 0.65 0.0 0.0 1.0
0 1.4500000000000002 0.55 0.0 0.0 1.0
0 1.4500000000000002 0.45 0.0 0.0 1.0
0 1.4500000000000002 0.35000000000000003 0.0 0.0 1.0
0 1.4500000000000002 0.25 0.0 0.0 1.0
0 1.4500000000000002 0.15000000000000002 0.0 0.0 1.0
0 1.4500000000000002 0.05 0.0 0.0 1.0
0 1.4500000000000002 -0.05 0.0 0.0 1.0
0 1.4500000000000002 -0.15000000000000002 0.0 0.0 1.0
0 1.4500000000000002 -0.25 0.0 0.0 1.0
0 1.4500000000000002 -0.35000000000000003 0.0 0.0 1.0
0 1.4500000000000002 -0.45 0.0 0.0 1.0
0 1.4500000000000002 -0.55 0.0 0.0 1.0
0 1.4500000000000002 -0.65 0.0 0.0 1.0
0 1.4500000000000002 -0.75 0.0 0.0 1.0
0 1.4500000000000002 -0.8500000000000001 0.0 0.0 1.0
0 1.4500000000000002 -0.9500000000000001 0.0 0.0 1.0
0 1.4500000000000002 -1.05 0.0 0.0 1.0
0 1.4500000000000002 -1.1500000000000001 0.0 0.0 1.0
0 1.4500000000000002 -1.25 0.0 0.0 1.0
0 1.4500000000000002 -1.35 0.0 0.0 1.0
0 1.4500000000000002 -1.4500000000000002 0.0 0.0 1.0
1 1.4500000000000002 -1.55 0.0 0.0 0.0
1 1.4500000000000002 -1.6500000000000001 0.0 0.0 0.0
1 1.4500000000000002 -1.75 0.0 0.0 0.0
1 1.55 1.9500000000000002 0.0 0.0 0.0
1 1.55 1.85 0.0 0.0 0.0
1 1.55 1.75 0.0 0.0 0.0
1 1.55 1.6500000000000001 0.0 0.0 0.0
1 1.55 1.55 0.0 0.0 0.0
1 1.55 1.4500000000000002 0.0 0.0 0.0
1 1.55 1.35 0.0 0.0 0.0
1 1.55 1.25 0.0 0.0 0.0
1 1.55 1.1500000000000001 0.0 0.0 0.0
1 1.55 1.05 0.0 0.0 0.0
1 1.55 0.9500000000000001 0.0 0.0 0.0
1 1.55 0.8500000000000001 0.0 0.0 0.0
1 1.55 0.75 0.0 0.0 0.0
1 1.55 0.65 0.0 0.0 0.0
1 1.55 0.55 0.0 0.0 0.0
1 1.55 0.45 0.0 0.0 0.0
1 1.55 0.35000000000000003 0.0 0.0 0.0
1 1.55 0.25 0.0 0.0 0.0
1 1.55 0.15000000000000002 0.0 0.0 0.0
1 1.55 0.05 0.0 0.0 0.0
1 1.55 -0.05 0.0 0.0 0.0
1 1.55 -0.15000000000000002 0.0 0.0 0.0
1 1.55 -0.25 0.0 0.0 0.0
1 1.55 -0.35000000000000003 0.0 0.0 0.0
1 1.55 -0.45 0.0 0.0 0.0
1 1.55 -0.55 0.0 0.0 0.0
1 1.55 -0.65 0.0 0.0 0.0
1 1.55 -0.75 0.0 0.0 0.0
1 1.55 -0.8500000000000001 0.0 0.0 0.0
1 1.55 -0.9500000000000001 0.0 0.0 0.0
1 1.55 -1.05 0.0 0.0 0.0
1 1.55 -1.1500000000000001 0.0 0.0 0.0
1 1.55 -1.25 0.0 0.0 0.0
1 1.55 -1.35 0.0 0.0 0.0
1 1.55 -1.4500000000000002 0.0 0.0 0.0
1 1.55 -1.55 0.0 0.0 0.0
1 1.55 -1.6500000000000001 0.0 0.0 0.0
1 1.55 -1.75 0.0 0.0 0.0
1 1.6500000000000001 1.9500000000000002 0.0 0.0 0.0
1 1.6500000000000001 1.85 0.0 0.0 0.0
1 1.6500000000000001 1.75 0.0 0.0 0.0
1 1.6500000000000001 1.6500000000000001 0.0 0.0 0.0
1 1.6500000000000001 1.55 0.0 0.0 0.0
1 1.6500000000000001 1.4500000000000002 0.0 0.0 0.0
1 1.6500000000000001 1.35 0.0 0.0 0.0
1 1.6500000000000001 1.25 0.0 0.0 0.0
1 1.6500000000000001 1.1500000000000001 0.0 0.0 0.0
1 1.6500000000000001 1.05 0.0 0.0 0.0
1 1.6500000000000001 0.9500000000000001 0.0 0.0 0.0
1 1.6500000000000001 0.8500000000000001 0.0 0.0 0.0
1 1.6500000000000001 0.75 0.0 0.0 0.0
1 1.6500000000000001 0.65 0.0 0.0 0.0
1 1.6500000000000001 0.55 0.0 0.0 0.0
1 1.6500000000000001 0.45 0.0 0.0 0.0
1 1.6500000000000001 0.35000000000000003 0.0 0.0 0.0
1 1.6500000000000001 0.25 0.0 0.0 0.0
1 1.6500000000000001 0.15000000000000002 0.0 0.0 0.0
1 1.6500000000000001 0.05 0.0 0.0 0.0
1 1.6500000000000001 -0.05 0.0 0.0 0.0
1 1.6500000000000001 -0.15000000000000002 0.0 0.0 0.0
1 1.6500000000000001 -0.25 0.0 0.0 0.0
1 1.6500000000000001 -0.35000000000000003 0.0 0.0 0.0
1 1.6500000000000001 -0.45 0.0 0.0 0.0
1 1.6500000000000001 -0.55 0.0 0.0 0.0
1 1.6500000000000001 -0.65 0.0 0.0 0.0
1 1.6500000000000001 -0.75 0.0 0.0 0.0
1 1.6500000000000001 -0.8500000000000001 0.0 0.0 0.0
1 1.6500000000000001 -0.9500000000000001 0.0 0.0 0.0
1 1.6500000000000001 -1.05 0.0 0.0 0.0
1 1.6500000000000001 -1.1500000000000001 0.0 0.0 0.0
1 1.6500000000000001 -1.25 0.0 0.0 0.0
1 1.6500000000000001 -1.35 0.0 0.0 0.0
1 1.6500000000000001 -1.4500000000000002 0.0 0.0 0.0
1 1.6500000000000001 -1.55 0.0 0.0 0.0
1 1.6500000000000001 -1.6500000000000001 0.0 0.0 0.0
1 1.6500000000000001 -1.75 0.0 0.0 0.0
1 1.75 1.9500000000000002 0.0 0.0 0.0
1 1.75 1.85 0.0 0.0 0.0
1 1.75 1.75 0.0 0.0 0.0
1 1.75 1.6500000000000001 0.0 0.0 0.0
1 1.75 1.55 0.0 0.0 0.0
1 1.75 1.4500000000000002 0.0 0.0 0.0
1 1.75 1.35 0.0 0.0 0.0
1 1.75 1.25 0.0 0.0 0.0
1 1.75 1.1500000000000001 0.0 0.0 0.0
1 1.75 1.05 0.0 0.0 0.0
1 1.75 0.9500000000000001 0.0 0.0 0.0
1 1.75 0.8500000000000001 0.0 0.0 0.0
1 1.75 0.75 0.0 0.0 0.0
1 1.75 0.65 0.0 0.0 0.0
1 1.75 0.55 0.0 0.0 0.0
1 1.75 0.45 0.0 0.0 0.0
1 1.75 0.35000000000000003 0.0 0.0 0.0
1 1.75 0.25 0.0 0.0 0.0
1 1.75 0.15000000000000002 0.0 0.0 0.0
1 1.75 0.05 0.0 0.0 0.0
1 1.75 -0.05 0.0 0.0 0.0
1 1.75 -0.15000000000000002 0.0 0.0 0.0
1 1.75 -0.25 0.0 0.0 0.0
1 1.75 -0.35000000000000003 0.0 0.0 0.0
1 1.75 -0.45 0.0 0.0 0.0
1 1.75 -0.55 0.0 0.0 0.0
1 1.75 -0.65 0.0 0.0 0.0
1 1.75 -0.75 0.0 0.0 0.0
1 1.75 -0.8500000000000001 0.0 0.0 0.0
1 1.75 -0.9500000000000001 0.0 0.0 0.0
1 1.75 -1.05 0.0 0.0 0.0
1 1.75 -1.1500000000000001 0.0 0.0 0.0
1 1.75 -1.25 0.0 0.0 0.0
1 1.75 -1.35 0.0 0.0 0.0
1 1.75 -1.4500000000000002 0.0 0.0 0.0
1 1.75 -1.55 0.0 0.0 0.0
1 1.75 -1.6500000000000001 0.0 0.0 0.0
1 1.75 -1.75 0.0 0.0 0.0
